from __future__ import print_function, division, absolute_import

#### Form Factors prior from theory (Danny sent by mail, taken from arXiv:1503.05534v3 and multiplied by facto 2 the uncertainties)

# "B->K^*::alpha^A0_0@BSZ2015",  "B->K^*::alpha^A0_1@BSZ2015",  "B->K^*::alpha^A0_2@BSZ2015",
# "B->K^*::alpha^A1_0@BSZ2015",  "B->K^*::alpha^A1_1@BSZ2015",  "B->K^*::alpha^A1_2@BSZ2015",
#                                "B->K^*::alpha^A12_1@BSZ2015", "B->K^*::alpha^A12_2@BSZ2015",
# "B->K^*::alpha^V_0@BSZ2015",   "B->K^*::alpha^V_1@BSZ2015",   "B->K^*::alpha^V_2@BSZ2015",
# "B->K^*::alpha^T1_0@BSZ2015",  "B->K^*::alpha^T1_1@BSZ2015",  "B->K^*::alpha^T1_2@BSZ2015",
#                                "B->K^*::alpha^T2_1@BSZ2015",  "B->K^*::alpha^T2_2@BSZ2015",
# "B->K^*::alpha^T23_0@BSZ2015", "B->K^*::alpha^T23_1@BSZ2015", "B->K^*::alpha^T23_2@BSZ2015"

param_mean_FF = [0.369196,  -1.365840,   0.128191,
                 0.297250,   0.392378,   1.189160,
                             0.533638,   0.483166,
                 0.376313,  -1.165970,   2.424430,
                 0.312055,  -1.008930,   1.527200,
                             0.496846,   1.614310,
                 0.667412,   1.318120,   3.823340 ]

param_sigma_FF = [2.0 * 0.0289419, 2.0 * 0.256849,  2.0 * 1.634380,
                  2.0 * 0.0263560, 2.0 * 0.187894,  2.0 * 1.025310,
                                   2.0 * 0.128772,  2.0 * 0.656273,
                  2.0 * 0.0332944, 2.0 * 0.261268,  2.0 * 1.531002,
                  2.0 * 0.0275000, 2.0 * 0.189580,  2.0 * 1.639700,
                                   2.0 * 0.166220,  2.0 * 0.803780,
                  2.0 * 0.0633300, 2.0 * 0.222130,  2.0 * 2.203400]

correlations_FF = [
    [ 1.000000, 0.633689, 0.057531, 0.061537, 0.169044, 0.240647, 0.609495, 0.035503, 0.039332, 0.178168, 0.195421, 0.016488, 0.045264,-0.158457, 0.150264, 0.031155, 0.451075, 0.104911,-0.347452 ],
    [ 0.633689, 1.000000, 0.486314, 0.300568, 0.472167, 0.321569, 0.756564, 0.469130, 0.280475, 0.553833, 0.075229, 0.241261, 0.448732,-0.182566, 0.495428, 0.181197, 0.573536, 0.533560,-0.194020 ],
    [ 0.057531, 0.486314, 1.000000, 0.515475, 0.743538, 0.661689, 0.326536, 0.665149, 0.545574, 0.731129, 0.008607, 0.475401, 0.674459,-0.125613, 0.701034, 0.273928, 0.663092, 0.426721,-0.318126 ],
    [ 0.061537, 0.300568, 0.515475, 1.000000, 0.702494, 0.153604, 0.010528, 0.205325, 0.922982, 0.731071,-0.358330, 0.899902, 0.681010,-0.468536, 0.692637,-0.202092, 0.564524, 0.306140,-0.362387 ],
    [ 0.169044, 0.472167, 0.743538, 0.702494, 1.000000, 0.747682, 0.284455, 0.480939, 0.678427, 0.862475,-0.063337, 0.630965, 0.760031,-0.373063, 0.915195, 0.226359, 0.695868, 0.457217,-0.440385 ],
    [ 0.240647, 0.321569, 0.661689, 0.153604, 0.747682, 1.000000, 0.316222, 0.535592, 0.194572, 0.517205, 0.253395, 0.135433, 0.400555,-0.127614, 0.597150, 0.402339, 0.553618, 0.252273,-0.404950 ],
    [ 0.609495, 0.756564, 0.326536, 0.010528, 0.284455, 0.316222, 1.000000, 0.700096,-0.014092, 0.350603, 0.234661,-0.024336, 0.234436,-0.060960, 0.285770, 0.248484, 0.386552, 0.537224,-0.037769 ],
    [ 0.035503, 0.469130, 0.665149, 0.205325, 0.480939, 0.535592, 0.700096, 1.000000, 0.196602, 0.485841, 0.139392, 0.173373, 0.402833,-0.077975, 0.422339, 0.253397, 0.403006, 0.571118,-0.027685 ],
    [ 0.039332, 0.280475, 0.545574, 0.922982, 0.678427, 0.194572,-0.014092, 0.196602, 1.000000, 0.757379,-0.397005, 0.901557, 0.716437,-0.400738, 0.702845,-0.147198, 0.573778, 0.277866,-0.360324 ],
    [ 0.178168, 0.553833, 0.731129, 0.731071, 0.862475, 0.517205, 0.350603, 0.485841, 0.757379, 1.000000, 0.034614, 0.709376, 0.906137,-0.236675, 0.916209, 0.261192, 0.702660, 0.480664,-0.355976 ],
    [ 0.195421, 0.075229, 0.008607,-0.358330,-0.063337, 0.253395, 0.234661, 0.139392,-0.397005, 0.034614, 1.000000,-0.354268,-0.078356, 0.338328,-0.054106, 0.384930, 0.016202, 0.000067, 0.056913 ],
    [ 0.016488, 0.241261, 0.475401, 0.899902, 0.630965, 0.135433,-0.024336, 0.173373, 0.901557, 0.709376,-0.354268, 1.000000, 0.713877,-0.473872, 0.686349,-0.229853, 0.515437, 0.236189,-0.310316 ],
    [ 0.045264, 0.448732, 0.674459, 0.681010, 0.760031, 0.400555, 0.234436, 0.402833, 0.716437, 0.906137,-0.078356, 0.713877, 1.000000, 0.000931, 0.881232, 0.365115, 0.601021, 0.427022,-0.210129 ],
    [-0.158457,-0.182566,-0.125613,-0.468536,-0.373063,-0.127614,-0.060960,-0.077975,-0.400738,-0.236675, 0.338328,-0.473872, 0.000931, 1.000000,-0.239308, 0.626511,-0.270880,-0.105814, 0.447129 ],
    [ 0.150264, 0.495428, 0.701034, 0.692637, 0.915195, 0.597150, 0.285770, 0.422339, 0.702845, 0.916209,-0.054106, 0.686349, 0.881232,-0.239308, 1.000000, 0.382807, 0.658722, 0.468750,-0.326765 ],
    [ 0.031155, 0.181197, 0.273928,-0.202092, 0.226359, 0.402339, 0.248484, 0.253397,-0.147198, 0.261192, 0.384930,-0.229853, 0.365115, 0.626511, 0.382807, 1.000000, 0.096936, 0.216438, 0.270390 ],
    [ 0.451075, 0.573536, 0.663092, 0.564524, 0.695868, 0.553618, 0.386552, 0.403006, 0.573778, 0.702660, 0.016202, 0.515437, 0.601021,-0.270880, 0.658722, 0.096936, 1.000000, 0.327243,-0.711856 ],
    [ 0.104911, 0.533560, 0.426721, 0.306140, 0.457217, 0.252273, 0.537224, 0.571118, 0.277866, 0.480664, 0.000067, 0.236189, 0.427022,-0.105814, 0.468750, 0.216438, 0.327243, 1.000000, 0.287454 ],
    [-0.347452,-0.194020,-0.318126,-0.362387,-0.440385,-0.404950,-0.037769,-0.027685,-0.360324,-0.355976, 0.056913,-0.310316,-0.210129, 0.447129,-0.326765, 0.270390,-0.711856, 0.287454, 1.000000 ]
    ]

